# 2005 21 0
# 2006 20 1
# 2007 14 2
# 2008 5 3
# 2009 5 4
# 2010 13 5
# 2011 23 6
# 2012 14 7
# 2013 6 8
# 2014 17 9
# 2015 21 10
# 2016 53 11
# 2017 92 12
# 2018 111 13
# 2019 221 14
# 2020 211 15
# 2021 514 16
# 2022 673 17
# 2023 865 18
17 0 3
18 0 5
16 1 3
17 1 3
18 1 2
16 2 1
17 2 2
18 2 3
8 3 1
11 3 1
17 4 3
18 4 4
14 5 2
15 5 3
17 6 2
18 6 7
17 7 1
18 7 6
14 8 1
15 8 4
10 9 1
11 9 3
17 10 3
18 10 4
17 11 1
18 11 6
18 12 8
13 13 2
14 13 2
15 13 1
8 14 1
9 14 1
12 15 2
13 15 3
14 15 6
15 15 10
16 16 10
17 16 6
8 17 1
11 17 2
11 18 3
16 19 1
17 19 3
18 19 2
12 20 4
13 20 2
14 20 4
15 20 2
16 21 1
17 21 1
18 21 5
16 22 5
17 22 7
18 22 10
13 23 2
14 23 4
16 24 2
17 24 3
18 24 2
5 25 1
6 25 1
12 26 4
13 26 1
14 26 4
13 27 2
14 27 2
15 27 4
16 28 3
17 28 4
18 28 3
16 29 2
17 29 2
18 29 3
12 30 1
13 30 2
14 30 2
4 31 1
6 31 1
9 32 1
10 32 3
11 32 4
14 33 1
15 33 12
16 33 15
17 33 13
16 34 3
17 34 7
18 34 1
6 35 2
16 36 2
17 36 5
18 36 13
1 37 1
2 37 1
12 38 1
13 38 1
14 38 3
15 38 1
16 39 1
17 39 3
18 39 5
18 40 7
17 41 2
18 41 7
16 42 1
17 42 4
18 42 7
16 43 2
17 43 4
18 43 3
1 44 1
2 44 3
14 45 3
15 45 2
0 46 1
1 46 1
2 46 1
12 47 2
13 47 1
14 47 2
9 48 1
10 48 1
11 48 1
13 49 3
14 49 3
16 50 6
17 50 5
17 51 4
18 51 5
10 52 2
11 52 1
12 53 3
13 53 4
14 53 4
15 53 12
16 53 3
17 53 6
17 54 4
18 54 5
16 55 3
17 55 6
18 55 7
16 56 2
17 56 8
18 56 13
1 57 2
0 58 1
1 58 1
3 58 1
12 59 1
13 59 1
14 59 3
15 59 1
0 60 1
2 60 1
16 61 4
17 61 2
16 62 4
17 62 3
18 62 3
17 63 6
18 63 1
16 64 1
17 64 3
18 64 2
5 65 1
6 65 1
17 66 4
18 66 2
16 67 1
17 67 2
18 67 4
16 68 2
17 68 1
18 68 6
12 69 1
13 69 2
14 69 11
16 70 2
17 70 5
18 70 2
16 71 3
17 71 3
18 71 4
0 72 1
1 72 1
2 72 1
9 73 1
11 73 1
13 74 2
14 74 1
15 74 2
16 75 9
17 75 10
18 75 6
13 76 1
14 76 2
15 76 1
10 77 1
11 77 2
16 78 3
17 78 6
18 78 6
16 79 1
17 79 2
18 79 9
17 80 2
18 80 8
13 81 2
14 81 3
10 82 1
11 82 2
4 83 1
6 83 1
7 83 1
9 83 1
10 83 1
11 83 1
5 84 2
16 85 13
17 85 17
18 85 30
16 86 2
17 86 4
12 87 5
13 87 3
16 88 6
17 88 22
18 88 79
0 89 2
16 90 3
17 90 2
18 90 2
1 91 1
2 91 1
3 91 1
16 92 1
17 92 1
18 92 8
13 93 2
14 93 1
15 93 3
16 94 1
17 94 1
18 94 9
11 95 2
12 96 1
14 96 3
16 97 3
17 97 4
12 98 3
13 98 7
8 99 1
9 99 1
10 99 1
11 99 1
6 100 2
12 101 2
14 101 3
12 102 1
13 102 1
14 102 4
15 102 5
16 103 5
17 103 6
18 103 5
5 104 1
6 104 1
12 105 4
13 105 2
14 105 3
12 106 1
13 106 3
14 106 7
5 107 1
6 107 1
11 108 2
12 109 1
14 109 2
15 109 5
16 109 7
14 110 5
15 110 15
16 110 52
17 110 42
18 110 15
14 111 1
15 111 4
14 112 2
15 112 3
16 112 35
17 112 41
14 113 1
15 113 6
16 113 14
17 113 7
18 113 2
14 114 3
15 114 3
16 115 2
17 115 4
14 116 4
15 116 2
16 117 2
17 117 4
18 117 2
17 118 7
16 119 4
17 119 2
11 120 2
16 121 2
17 121 2
18 121 2
17 122 2
18 122 5
12 123 1
13 123 4
14 123 15
0 124 2
1 124 1
12 125 4
13 125 1
14 125 1
6 126 2
16 127 1
17 127 3
18 127 8
12 128 3
13 128 2
14 128 3
18 129 6
0 130 2
2 130 1
5 131 1
7 131 1
17 132 4
18 132 5
16 133 2
17 133 4
16 134 1
17 134 6
14 135 1
15 135 3
16 136 1
18 136 9
16 137 3
17 137 1
18 137 4
16 138 2
17 138 3
18 138 4
12 139 2
13 139 5
12 140 1
14 140 1
15 140 2
1 141 2
9 142 1
11 142 2
0 143 1
1 143 1
12 144 1
13 144 2
14 144 1
15 144 1
12 145 1
13 145 1
14 145 3
15 145 5
12 146 5
13 146 2
14 146 4
15 146 2
13 147 1
14 147 2
15 147 8
16 148 4
17 148 12
18 148 20
16 149 1
17 149 3
18 149 6
8 150 1
9 150 4
16 151 3
18 151 6
13 152 1
14 152 3
15 152 5
16 153 8
17 153 11
18 153 7
16 154 1
17 154 3
18 154 2
17 155 1
18 155 10
16 156 2
17 156 3
18 156 4
16 157 1
17 157 3
18 157 4
16 158 1
17 158 2
18 158 6
16 159 1
17 159 4
18 159 3
16 160 3
17 160 4
16 161 4
17 161 2
18 161 2
16 162 2
17 162 3
18 162 2
17 163 6
18 163 4
10 164 1
11 164 2
16 165 4
17 165 11
16 166 1
17 166 2
18 166 6
0 167 1
2 167 1
6 168 2
7 168 1
14 169 3
15 169 4
6 170 1
7 170 1
16 171 3
17 171 6
16 172 1
17 172 3
18 172 3
12 173 2
15 173 3
17 174 1
18 174 5
2 175 2
0 176 1
1 176 1
16 177 2
17 177 2
18 177 5
6 178 1
7 178 2
10 179 1
11 179 3
16 180 3
17 180 4
16 181 1
17 181 4
18 181 2
6 182 1
7 182 1
10 183 1
11 183 1
14 184 1
15 184 3
15 185 6
16 185 16
17 185 17
18 185 15
12 186 3
14 186 1
12 187 4
13 187 2
14 187 1
16 188 1
17 188 2
18 188 4
11 189 2
16 190 4
17 190 1
18 190 2
12 191 3
13 191 3
14 191 5
16 192 2
18 192 13
16 193 4
17 193 3
12 194 3
13 194 2
14 194 1
15 194 5
12 195 1
13 195 1
14 195 2
15 195 1
12 196 1
14 196 5
16 197 6
17 197 9
18 197 4
16 198 11
16 199 1
17 199 3
18 199 6
18 200 6
9 201 1
10 201 1
11 201 1
16 202 4
17 202 4
18 202 6
16 203 1
17 203 1
18 203 5
4 204 2
9 205 1
10 205 1
11 205 2
13 206 5
14 206 6
15 206 4
16 206 20
14 207 3
15 207 2
14 208 3
15 208 11
16 208 24
17 208 23
18 208 18
9 209 1
10 209 1
11 209 2
16 210 4
17 210 11
18 210 18
12 211 2
14 211 2
15 211 1
16 212 3
17 212 5
18 212 5
17 213 1
18 213 10
0 214 2
1 214 1
3 214 1
16 215 14
11 216 4
12 217 1
13 217 1
14 217 3
1 218 1
3 218 1
17 219 1
18 219 10
18 220 7
16 221 8
17 221 12
18 221 31
0 222 1
1 222 1
13 223 1
14 223 2
15 223 6
16 223 13
5 224 1
7 224 2
13 225 2
14 225 4
15 225 3
6 226 2
9 227 1
10 227 1
12 228 2
13 228 3
0 229 1
3 229 1
6 230 1
7 230 2
9 231 1
10 231 2
12 232 4
13 232 2
14 232 4
15 232 3
16 233 4
17 233 7
18 233 4
16 234 4
17 234 2
18 234 4
12 235 1
13 235 4
14 235 1
15 235 3
17 236 10
18 236 36
16 237 1
17 237 5
18 237 5
16 238 5
17 238 9
17 239 4
18 239 5
17 240 3
18 240 13
0 241 1
1 241 2
9 242 1
10 242 1
11 242 2
16 243 3
17 243 1
18 243 2
12 244 1
13 244 1
14 244 5
16 245 8
17 245 15
18 245 15
17 246 3
18 246 4
16 247 1
17 247 3
18 247 4
12 248 2
13 248 1
14 248 1
16 249 3
17 249 7
18 249 8
16 250 3
17 250 4
18 250 1
17 251 4
18 251 5
16 252 2
17 252 4
18 252 3
16 253 1
17 253 2
18 253 5
4 254 1
5 254 1
17 255 1
18 255 5
13 256 6
14 256 5
13 257 3
14 257 2
5 258 1
7 258 3
12 259 3
13 259 1
14 259 3
11 260 2
14 261 4
15 261 2
13 262 2
15 262 2
16 263 2
17 263 2
18 263 3
12 264 2
14 264 1
15 264 1
12 265 1
14 265 4
15 265 6
16 266 1
17 266 2
18 266 6
0 267 1
1 267 1
14 268 4
15 268 4
16 268 13
0 269 2
2 269 1
16 270 1
17 270 1
18 270 7
16 271 3
17 271 2
18 271 3
1 272 1
2 272 1
5 273 2
6 273 1
17 274 1
18 274 7
17 275 1
18 275 6
16 276 2
17 276 4
18 276 11
16 277 2
17 277 5
18 277 2
17 278 11
18 278 39
14 279 6
15 279 10
16 279 12
17 279 19
16 280 1
17 280 1
18 280 4
16 281 1
18 281 6
8 282 1
11 282 2
12 283 1
13 283 3
14 283 1
14 284 2
15 284 4
16 285 1
17 285 4
18 285 4
5 286 1
6 286 2
